,TIMESTAMP,ta,rh,ppfd_in
0,2009-11-18T03:00:00Z,1.0,41.718779999999995,0.0
1,2009-11-18T04:00:00Z,1.2,41.5497,0.0
2,2009-11-18T05:00:00Z,1.4,41.38062,0.0
3,2009-11-18T06:00:00Z,1.0,38.92896,0.0
4,2009-11-18T07:00:00Z,0.6,36.4773,0.0
5,2009-11-18T08:00:00Z,1.65,37.49178,0.0
6,2009-11-18T09:00:00Z,2.7,38.50626,0.0
7,2009-11-18T10:00:00Z,4.0,38.1681,0.0
8,2009-11-18T11:00:00Z,5.3,37.82994,210.1316
9,2009-11-18T12:00:00Z,6.75,32.96889,517.93
10,2009-11-18T13:00:00Z,8.2,28.107840000000003,873.082
11,2009-11-18T14:00:00Z,9.35,26.92428,1758.0024
12,2009-11-18T15:00:00Z,10.5,25.74072,1370.2948
13,2009-11-18T16:00:00Z,10.5,24.683970000000002,1432.4464
14,2009-11-18T17:00:00Z,10.5,23.62722,2708.034
15,2009-11-18T18:00:00Z,10.5,20.034270000000003,2033.2452
16,2009-11-18T19:00:00Z,10.5,16.44132,2187.1444
17,2009-11-18T20:00:00Z,10.3,17.24445,887.88
18,2009-11-18T21:00:00Z,10.1,18.04758,630.3947999999998
19,2009-11-18T22:00:00Z,10.1,17.70942,719.1827999999998
20,2009-11-18T23:00:00Z,10.1,17.37126,369.95
21,2009-11-19T00:00:00Z,8.5,22.824089999999998,233.8084
22,2009-11-19T01:00:00Z,6.9,28.27692,0.0
23,2009-11-19T02:00:00Z,5.9,29.46048,0.0
24,2009-11-19T03:00:00Z,4.9,30.644040000000004,0.0
25,2009-11-19T04:00:00Z,5.7,31.15128,0.0
26,2009-11-19T05:00:00Z,6.5,31.658520000000003,0.0
27,2009-11-19T06:00:00Z,4.4,39.73209,0.0
28,2009-11-19T07:00:00Z,2.3,47.805659999999996,0.0
29,2009-11-19T08:00:00Z,1.85,44.71995,0.0
30,2009-11-19T09:00:00Z,1.4,41.634240000000005,0.0
31,2009-11-19T10:00:00Z,2.95,39.05577,0.0
32,2009-11-19T11:00:00Z,4.5,36.4773,230.8488
33,2009-11-19T12:00:00Z,6.1,32.377109999999995,813.89
34,2009-11-19T13:00:00Z,7.7,28.27692,1343.6584
35,2009-11-19T14:00:00Z,9.5,22.27458,1109.85
36,2009-11-19T15:00:00Z,11.3,16.27224,1808.3156
37,2009-11-19T16:00:00Z,12.1,16.018620000000002,2873.7716
38,2009-11-19T17:00:00Z,12.9,15.765,1888.2248
39,2009-11-19T18:00:00Z,12.5,15.3423,1790.558
40,2009-11-19T19:00:00Z,12.1,14.9196,2332.1648
41,2009-11-19T20:00:00Z,11.9,15.30003,2009.5684
42,2009-11-19T21:00:00Z,11.7,15.68046,2059.8816
43,2009-11-19T22:00:00Z,9.95,17.498070000000002,1849.75
44,2009-11-19T23:00:00Z,8.2,19.31568,935.2336
45,2009-11-20T00:00:00Z,5.9,24.76851,269.3236
46,2009-11-20T01:00:00Z,3.6,30.22134,0.0
47,2009-11-20T02:00:00Z,2.75,33.13797,0.0
48,2009-11-20T03:00:00Z,1.9,36.0546,0.0
49,2009-11-20T04:00:00Z,1.0,37.91448,0.0
50,2009-11-20T05:00:00Z,0.1,39.774359999999994,0.0
51,2009-11-20T06:00:00Z,0.1,43.2405,0.0
52,2009-11-20T07:00:00Z,0.1,46.70664,0.0
53,2009-11-20T08:00:00Z,-0.1,47.42523,0.0
54,2009-11-20T09:00:00Z,-0.3,48.14382,0.0
55,2009-11-20T10:00:00Z,2.3,45.43854,0.0
56,2009-11-20T11:00:00Z,4.9,42.733259999999994,177.576
57,2009-11-20T12:00:00Z,4.7,38.88669,662.1048
58,2009-11-20T13:00:00Z,4.5,35.04012,547.9487999999999
59,2009-11-20T14:00:00Z,3.85,33.433859999999996,342.468
60,2009-11-20T15:00:00Z,3.2,31.8276,466.7712
61,2009-11-20T16:00:00Z,4.65,35.37828,301.8792
62,2009-11-20T17:00:00Z,6.1,38.92896,621.516
63,2009-11-20T18:00:00Z,8.2,35.2092,1210.0536
64,2009-11-20T19:00:00Z,5.7,31.489440000000002,986.8152
65,2009-11-20T20:00:00Z,4.0,38.92896,857.4384
66,2009-11-20T21:00:00Z,3.2,46.36848,890.4168
67,2009-11-20T22:00:00Z,1.9,46.11486,677.3255999999999
68,2009-11-20T23:00:00Z,2.3,45.86124,182.6496
69,2009-11-21T00:00:00Z,2.3,42.69099,248.6064
70,2009-11-21T01:00:00Z,1.4,39.52074,0.0
71,2009-11-21T02:00:00Z,0.6,39.85890000000001,0.0
72,2009-11-21T03:00:00Z,1.4,40.19706,0.0
73,2009-11-21T04:00:00Z,0.1,41.38062,0.0
74,2009-11-21T05:00:00Z,0.1,42.56418,0.0
75,2009-11-21T06:00:00Z,-0.3,42.94461,0.0
76,2009-11-21T07:00:00Z,0.6,43.32504,0.0
77,2009-11-21T08:00:00Z,0.6,48.566520000000004,0.0
78,2009-11-21T09:00:00Z,0.6,53.808,0.0
79,2009-11-21T10:00:00Z,0.1,55.667880000000004,0.0
80,2009-11-21T11:00:00Z,2.3,57.52776,104.0088
81,2009-11-21T12:00:00Z,3.6,49.581,172.50239999999997
82,2009-11-21T13:00:00Z,4.9,41.634240000000005,778.7975999999999
83,2009-11-21T14:00:00Z,5.7,36.18141,535.2647999999998
84,2009-11-21T15:00:00Z,5.3,30.728579999999997,999.4992
85,2009-11-21T16:00:00Z,6.9,31.02447,1435.8288
86,2009-11-21T17:00:00Z,6.5,31.320359999999997,672.252
87,2009-11-21T18:00:00Z,5.7,31.02447,994.4256
88,2009-11-21T19:00:00Z,5.7,30.728579999999997,2267.8992
89,2009-11-21T20:00:00Z,5.7,34.32153,1598.184
90,2009-11-21T21:00:00Z,6.9,37.91448,1808.7384
91,2009-11-21T22:00:00Z,4.0,40.66203,530.1912
92,2009-11-21T23:00:00Z,3.6,43.40958,418.57199999999995
93,2009-11-22T00:00:00Z,1.9,49.24284,273.97439999999995
94,2009-11-22T01:00:00Z,1.4,55.0761,0.0
95,2009-11-22T02:00:00Z,1.0,54.272969999999994,0.0
96,2009-11-22T03:00:00Z,0.6,53.469840000000005,0.0
97,2009-11-22T04:00:00Z,0.1,54.188430000000004,0.0
98,2009-11-22T05:00:00Z,0.1,54.907019999999996,0.0
99,2009-11-22T06:00:00Z,0.1,54.272969999999994,0.0
100,2009-11-22T07:00:00Z,-1.3,53.63892,0.0
101,2009-11-22T08:00:00Z,-0.3,53.59665,0.0
102,2009-11-22T09:00:00Z,-1.7,53.55438,0.0
103,2009-11-22T10:00:00Z,-0.3,49.87689,0.0
104,2009-11-22T11:00:00Z,2.3,46.1994,226.0923
105,2009-11-22T12:00:00Z,4.9,41.38061999999999,758.5032
106,2009-11-22T13:00:00Z,6.5,36.561840000000004,1145.0481
107,2009-11-22T14:00:00Z,6.9,30.93993,1300.6385
108,2009-11-22T15:00:00Z,9.4,25.31802,1957.0355
109,2009-11-22T16:00:00Z,9.0,23.50041,2428.6689
110,2009-11-22T17:00:00Z,7.3,21.6828,2124.7814
111,2009-11-22T18:00:00Z,7.3,21.555989999999998,2161.2479
112,2009-11-22T19:00:00Z,9.0,21.42918,1320.0873
113,2009-11-22T20:00:00Z,6.5,23.54268,850.885
114,2009-11-22T21:00:00Z,6.1,25.65618,658.8281
115,2009-11-22T22:00:00Z,5.7,36.39276,512.9621
116,2009-11-22T23:00:00Z,5.3,47.12934,559.153
117,2009-11-23T00:00:00Z,4.5,44.76222,425.4425
118,2009-11-23T01:00:00Z,1.0,42.3951,0.0
119,2009-11-23T02:00:00Z,0.1,47.42523,0.0
120,2009-11-23T03:00:00Z,-0.3,52.45536,0.0
121,2009-11-23T04:00:00Z,-1.7,53.08941,0.0
122,2009-11-23T05:00:00Z,-1.7,53.723459999999996,0.0
123,2009-11-23T06:00:00Z,-1.7,53.76573000000001,0.0
124,2009-11-23T07:00:00Z,-2.2,53.808,0.0
125,2009-11-23T08:00:00Z,-1.7,54.65340000000001,0.0
126,2009-11-23T09:00:00Z,-2.7,55.4988,0.0
127,2009-11-23T10:00:00Z,-1.3,43.02915,0.0
128,2009-11-23T11:00:00Z,2.7,30.5595,223.2384
129,2009-11-23T12:00:00Z,4.5,27.13563,720.4512
130,2009-11-23T13:00:00Z,6.1,23.71176,1189.7591999999995
131,2009-11-23T14:00:00Z,5.7,21.555989999999998,1844.2536
132,2009-11-23T15:00:00Z,7.7,19.40022,1161.8544
133,2009-11-23T16:00:00Z,9.0,18.00531,1539.8375999999996
134,2009-11-23T17:00:00Z,9.4,16.6104,1415.5344
135,2009-11-23T18:00:00Z,10.1,15.891810000000001,2752.428
136,2009-11-23T19:00:00Z,10.9,15.17322,2519.0424
137,2009-11-23T20:00:00Z,10.9,16.22997,2295.804
138,2009-11-23T21:00:00Z,10.9,17.286720000000003,1966.02
139,2009-11-23T22:00:00Z,10.5,24.55716,1517.0064
140,2009-11-23T23:00:00Z,9.4,31.8276,1050.2352
141,2009-11-24T00:00:00Z,6.5,36.30822,555.5592
142,2009-11-24T01:00:00Z,3.6,40.78884,0.0
143,2009-11-24T02:00:00Z,2.3,44.846759999999996,0.0
144,2009-11-24T03:00:00Z,0.1,48.90468,0.0
145,2009-11-24T04:00:00Z,-1.7,48.52425,0.0
146,2009-11-24T05:00:00Z,-1.3,48.14382,0.0
147,2009-11-24T06:00:00Z,-0.3,48.27063,0.0
148,2009-11-24T07:00:00Z,-0.3,48.39744,0.0
149,2009-11-24T08:00:00Z,-0.3,42.52191000000001,0.0
150,2009-11-24T09:00:00Z,-0.8,36.64638,0.0
151,2009-11-24T10:00:00Z,1.0,32.33484,0.0
152,2009-11-24T11:00:00Z,4.9,28.0233,296.8056
153,2009-11-24T12:00:00Z,6.1,24.13446,703.5391999999998
154,2009-11-24T13:00:00Z,8.2,20.245620000000002,766.7478
155,2009-11-24T14:00:00Z,10.5,18.00531,1830.3012
156,2009-11-24T15:00:00Z,10.9,15.765,1189.9706
157,2009-11-24T16:00:00Z,12.9,15.30003,2182.0708
158,2009-11-24T17:00:00Z,12.9,14.83506,1599.4524
159,2009-11-24T18:00:00Z,14.1,14.66598,2717.9698
160,2009-11-24T19:00:00Z,14.8,14.4969,2616.2863999999995
161,2009-11-24T20:00:00Z,14.8,16.27224,2388.1858
162,2009-11-24T21:00:00Z,14.1,18.04758,2080.3874
163,2009-11-24T22:00:00Z,10.9,19.01979,1651.6681999999996
164,2009-11-24T23:00:00Z,9.8,19.992,373.7552
165,2009-11-25T00:00:00Z,9.0,23.41587,148.40279999999996
166,2009-11-25T01:00:00Z,9.0,26.839740000000003,0.0
167,2009-11-25T02:00:00Z,6.9,30.1368,0.0
168,2009-11-25T03:00:00Z,7.3,33.433859999999996,0.0
169,2009-11-25T04:00:00Z,6.5,34.61742,0.0
170,2009-11-25T05:00:00Z,5.7,35.800979999999996,0.0
171,2009-11-25T06:00:00Z,6.1,37.19589000000001,0.0
172,2009-11-25T07:00:00Z,5.7,38.5908,0.0
173,2009-11-25T08:00:00Z,4.9,37.91448,0.0
174,2009-11-25T09:00:00Z,4.9,37.23816,0.0
175,2009-11-25T10:00:00Z,5.7,32.757540000000006,0.0
176,2009-11-25T11:00:00Z,6.9,28.27692,472.0562
177,2009-11-25T12:00:00Z,8.2,26.96655,572.0484
178,2009-11-25T13:00:00Z,8.6,25.65618,795.2868
179,2009-11-25T14:00:00Z,10.5,23.83857,1967.2884
180,2009-11-25T15:00:00Z,10.5,22.020960000000002,2411.4398
181,2009-11-25T16:00:00Z,10.1,27.13563,1358.0336
182,2009-11-25T17:00:00Z,11.3,32.2503,1055.7315999999996
183,2009-11-25T18:00:00Z,9.4,36.139140000000005,1085.9618
184,2009-11-25T19:00:00Z,8.6,40.02798,1062.7078
185,2009-11-25T20:00:00Z,7.7,34.786500000000004,520.8896
186,2009-11-25T21:00:00Z,7.3,29.54502,895.279
187,2009-11-25T22:00:00Z,9.0,32.715270000000004,927.8346
188,2009-11-25T23:00:00Z,8.2,35.88552,637.1596
189,2009-11-26T00:00:00Z,6.9,36.139140000000005,99.99219999999998
190,2009-11-26T01:00:00Z,5.3,36.392759999999996,0.0
191,2009-11-26T02:00:00Z,5.3,37.3227,0.0
192,2009-11-26T03:00:00Z,5.3,38.25264,0.0
193,2009-11-26T04:00:00Z,4.9,39.39393,0.0
194,2009-11-26T05:00:00Z,4.5,40.53522,0.0
195,2009-11-26T06:00:00Z,4.9,40.87338,0.0
196,2009-11-26T07:00:00Z,4.9,41.21154,0.0
197,2009-11-26T08:00:00Z,5.7,40.78884,0.0
198,2009-11-26T09:00:00Z,5.7,40.36614,0.0
199,2009-11-26T10:00:00Z,6.1,37.15362,0.0
200,2009-11-26T11:00:00Z,7.3,33.9411,492.9848
201,2009-11-26T12:00:00Z,9.4,30.390420000000002,492.9848
202,2009-11-26T13:00:00Z,9.0,26.839740000000003,776.6836
203,2009-11-26T14:00:00Z,9.8,26.37477,1195.2556
204,2009-11-26T15:00:00Z,10.5,25.9098,2457.9478
205,2009-11-26T16:00:00Z,11.3,26.12115,844.1202
206,2009-11-26T17:00:00Z,11.3,26.3325,2190.5268
207,2009-11-26T18:00:00Z,10.1,30.64404,2069.606
208,2009-11-26T19:00:00Z,9.4,34.95558,576.6992
209,2009-11-26T20:00:00Z,8.6,46.53756,574.3738
210,2009-11-26T21:00:00Z,8.2,58.11954,193.0082
211,2009-11-26T22:00:00Z,5.3,60.78255,72.0874
212,2009-11-26T23:00:00Z,4.0,63.44556,53.4842
213,2009-11-27T00:00:00Z,3.6,57.90819000000001,55.8096
214,2009-11-27T01:00:00Z,4.0,52.37082,0.0
215,2009-11-27T02:00:00Z,4.5,56.851440000000004,0.0
216,2009-11-27T03:00:00Z,3.6,61.33206,0.0
217,2009-11-27T04:00:00Z,2.7,61.07844,0.0
218,2009-11-27T05:00:00Z,2.3,60.824819999999995,0.0
219,2009-11-27T06:00:00Z,2.3,57.61230000000001,0.0
220,2009-11-27T07:00:00Z,2.3,54.39978000000001,0.0
221,2009-11-27T08:00:00Z,1.9,49.87689,0.0
222,2009-11-27T09:00:00Z,1.9,45.354,0.0
223,2009-11-27T10:00:00Z,1.9,45.69216,0.0
224,2009-11-27T11:00:00Z,3.2,46.03032,516.36564
225,2009-11-27T12:00:00Z,4.0,39.18258,778.29024
226,2009-11-27T13:00:00Z,6.1,32.33484,1214.8312399999998
227,2009-11-27T14:00:00Z,6.9,32.46165,1978.1543600000002
228,2009-11-27T15:00:00Z,7.3,32.58846,1309.6229999999996
229,2009-11-27T16:00:00Z,7.3,31.57398,563.76152
230,2009-11-27T17:00:00Z,6.9,30.5595,2773.90624
231,2009-11-27T18:00:00Z,9.4,27.72741,2576.83916
232,2009-11-27T19:00:00Z,8.2,24.89532,2362.31044
233,2009-11-27T20:00:00Z,8.2,24.853050000000003,2050.4954399999997
234,2009-11-27T21:00:00Z,10.5,24.810779999999998,1636.40512
235,2009-11-27T22:00:00Z,9.0,27.685140000000004,1174.9189199999996
236,2009-11-27T23:00:00Z,9.4,30.5595,743.36696
237,2009-11-28T00:00:00Z,7.7,30.68631,144.68215999999995
238,2009-11-28T01:00:00Z,6.5,30.81312,0.0
239,2009-11-28T02:00:00Z,6.5,30.517229999999998,0.0
240,2009-11-28T03:00:00Z,6.9,30.22134,0.0
241,2009-11-28T04:00:00Z,7.7,27.64287,0.0
242,2009-11-28T05:00:00Z,7.7,25.0644,0.0
243,2009-11-28T06:00:00Z,6.9,27.26244,0.0
244,2009-11-28T07:00:00Z,6.9,29.46048,0.0
245,2009-11-28T08:00:00Z,6.9,34.40607,0.0
246,2009-11-28T09:00:00Z,6.9,39.351659999999995,0.0
247,2009-11-28T10:00:00Z,6.1,35.16693,0.0
248,2009-11-28T11:00:00Z,6.9,30.9822,663.5423199999999
249,2009-11-28T12:00:00Z,8.2,28.74189,623.63
250,2009-11-28T13:00:00Z,9.4,26.50158,1401.9202400000001
251,2009-11-28T14:00:00Z,9.8,25.10667,456.49716
252,2009-11-28T15:00:00Z,12.5,23.71176,765.81764
253,2009-11-28T16:00:00Z,12.1,24.557160000000003,2230.10088
254,2009-11-28T17:00:00Z,12.1,25.40256,1743.66948
255,2009-11-28T18:00:00Z,11.3,28.319190000000003,1756.14208
256,2009-11-28T19:00:00Z,10.1,31.23582,1067.65456
257,2009-11-28T20:00:00Z,9.0,33.05343,743.36696
258,2009-11-28T21:00:00Z,9.0,34.87104,566.25604
259,2009-11-28T22:00:00Z,7.3,41.71878,192.07804
260,2009-11-28T23:00:00Z,4.9,48.566520000000004,294.35336
261,2009-11-29T00:00:00Z,3.2,48.01701,129.71504
262,2009-11-29T01:00:00Z,2.3,47.4675,0.0
263,2009-11-29T02:00:00Z,1.9,46.15713,0.0
264,2009-11-29T03:00:00Z,1.0,44.846759999999996,0.0
265,2009-11-29T04:00:00Z,0.6,46.91799,0.0
266,2009-11-29T05:00:00Z,-0.3,48.98922,0.0
267,2009-11-29T06:00:00Z,-1.7,47.55204000000001,0.0
268,2009-11-29T07:00:00Z,-2.7,46.11486,0.0
269,2009-11-29T08:00:00Z,-1.3,39.774359999999994,0.0
270,2009-11-29T09:00:00Z,-2.2,33.433859999999996,0.0
271,2009-11-29T10:00:00Z,-1.7,32.79981,0.0
272,2009-11-29T11:00:00Z,1.4,32.16576,801.3751199999998
273,2009-11-29T12:00:00Z,3.6,29.03778,1310.5108799999996
274,2009-11-29T13:00:00Z,4.5,25.9098,1105.03008
275,2009-11-29T14:00:00Z,5.7,25.27575,513.702
276,2009-11-29T15:00:00Z,6.5,24.6417,1698.6412799999996
277,2009-11-29T16:00:00Z,6.5,24.26127,1897.27272
278,2009-11-29T17:00:00Z,6.9,23.88084,988.59096
279,2009-11-29T18:00:00Z,6.5,24.04992,2084.4885600000002
280,2009-11-29T19:00:00Z,4.5,24.219,1417.8175199999996
281,2009-11-29T20:00:00Z,4.9,28.74189,890.4168
282,2009-11-29T21:00:00Z,4.9,33.26478,310.50431999999995
283,2009-11-29T22:00:00Z,4.0,36.85773,155.25215999999998
284,2009-11-29T23:00:00Z,3.6,40.45068,136.98719999999997
285,2009-11-30T00:00:00Z,3.6,51.77904,50.228640000000006
286,2009-11-30T01:00:00Z,0.1,63.1074,0.0
287,2009-11-30T02:00:00Z,-0.3,63.06513,0.0
288,2009-11-30T03:00:00Z,-0.3,63.022859999999994,0.0
289,2009-11-30T04:00:00Z,-0.3,63.403290000000005,0.0
290,2009-11-30T05:00:00Z,0.1,63.783719999999995,0.0
291,2009-11-30T06:00:00Z,1.0,63.82599,0.0
292,2009-11-30T07:00:00Z,1.4,63.86826,0.0
293,2009-11-30T08:00:00Z,1.0,50.34186,0.0
294,2009-11-30T09:00:00Z,0.1,36.815459999999995,0.0
295,2009-11-30T10:00:00Z,0.6,39.05577,0.0
296,2009-11-30T11:00:00Z,1.4,41.296079999999996,560.50596
297,2009-11-30T12:00:00Z,1.9,46.91799,850.4621999999998
298,2009-11-30T13:00:00Z,4.9,52.5399,864.1609199999998
299,2009-11-30T14:00:00Z,3.2,43.95909,592.4696399999998
300,2009-11-30T15:00:00Z,3.2,35.37828,1398.4109999999996
301,2009-11-30T16:00:00Z,1.0,28.99551,1610.74116
302,2009-11-30T17:00:00Z,6.5,22.61274,804.7997999999999
303,2009-11-30T18:00:00Z,3.2,24.979860000000002,1404.1188
304,2009-11-30T19:00:00Z,6.5,27.34698,1413.2512800000002
305,2009-11-30T20:00:00Z,6.9,32.123490000000004,1038.8195999999996
306,2009-11-30T21:00:00Z,6.1,36.9,371.00699999999995
307,2009-11-30T22:00:00Z,6.1,41.08473,413.24472000000003
308,2009-11-30T23:00:00Z,4.5,45.269459999999995,559.3644
309,2009-12-01T00:00:00Z,1.4,49.75008,107.30664
310,2009-12-01T01:00:00Z,-0.3,54.2307,0.0
311,2009-12-01T02:00:00Z,0.1,54.2307,0.0
